6.984215192166384440e+03 -4.114207065836630136e+03 -7.916546882288457709e+00
6.940002014710245930e+03 -4.093129281219009499e+03 -8.054697452048230844e+00
7.049524628275743453e+03 -4.087650449184279751e+03 -7.571189313407558075e+00
6.987232998934416173e+03 -4.049940474802830977e+03 -7.778528336571753243e+00
1.734993147691067134e+04 1.365974650951613285e+03 -7.789685721261889739e+00
1.725687283448143353e+04 1.369205597940027928e+03 -7.938108279765060615e+00
1.730699934833941734e+04 1.381104187216183163e+03 -7.876405521341439453e+00
1.725902138747482604e+04 1.414190290190040059e+03 -8.253780076744305916e+00
4.661243940926039613e+03 -1.292153681006738225e+03 -6.895860073132894286e+00
4.720994014821997553e+03 -1.268906920541156524e+03 -7.135085064629663520e+00
4.611156546577798508e+03 -1.260333402259384457e+03 -6.453082300807807314e+00
4.707095643224911328e+03 -1.221586693202380047e+03 -6.915539050587369729e+00
6.127786155697479444e+03 1.584741176676368468e+03 -3.801613053382652652e+00
6.170060840620146337e+03 1.619957900630698759e+03 -3.651226629078905717e+00
6.124433732005927595e+03 1.640367721212238393e+03 -3.812524391202146035e+00
6.215655317719558298e+03 1.646640613351698448e+03 -3.402328308472760909e+00
-1.491373884024474137e+02 8.154897303738652226e+03 -2.740155935246230001e+01
-1.915147058701986680e+02 8.161212130118243294e+03 -2.771080494582929532e+01
-2.300127417805649657e+02 8.179715496366139632e+03 -2.783588909662466904e+01
-1.425719261400588493e+02 8.202211227793332000e+03 -2.756236018673507715e+01
-9.106668596715917374e+03 1.456992155211344652e+04 -2.877737004360278661e+01
-9.060594911935770142e+03 1.458181045481385809e+04 -2.893909680018987274e+01
-9.131574542860547808e+03 1.460403131294152809e+04 -2.899132553035360615e+01
-9.084516200959395064e+03 1.462888628967747354e+04 -2.868139671151766379e+01
-7.789336498979573662e+03 2.652288426372480171e+04 -8.421787871861852182e+01
-7.729773666368657359e+03 2.654109293991540835e+04 -8.422156478464967222e+01
-7.826423065562486954e+03 2.656718127467334489e+04 -8.474846604400772776e+01
-7.779605332973984332e+03 2.657596364841709146e+04 -8.462798721318904427e+01
-1.052149804776620476e+04 3.615377279191868729e+04 -1.463781349800665339e+02
-1.044445670118129783e+04 3.618164876311320404e+04 -1.461104059548761143e+02
-1.050837966332070573e+04 3.620375401416218665e+04 -1.466413564165377466e+02
-1.045535866892971171e+04 3.622462984256823256e+04 -1.463733608915736113e+02
-1.286405891180155550e+03 4.625665129069471732e+03 -2.777711980203707753e+01
-1.202970584809203046e+03 4.659690936785047597e+03 -2.768573163195537745e+01
-1.308786583303363841e+03 4.666328683238868507e+03 -2.791142726627367665e+01
-1.259460705130695032e+03 4.684062359836716496e+03 -2.781456267754469991e+01
-4.482364032416769987e+03 4.448306998792225386e+03 -3.359462612854122199e+01
-4.451944778249762749e+03 4.482224831166067816e+03 -3.349719199159812888e+01
-4.542246366838731774e+03 4.488951927601397074e+03 -3.366556819352786079e+01
-4.494714694056223379e+03 4.501711674556034268e+03 -3.354095457370522126e+01
-7.027725369110820793e+03 -4.363757646843398106e+03 -4.463095577685294302e+01
-7.007475152420550330e+03 -4.322192851819914722e+03 -4.468025868547078971e+01
-6.962755990211179778e+03 -4.318179152911473466e+03 -4.462858851606051758e+01
-7.044754329805451562e+03 -4.299498516352586194e+03 -4.480588557136593408e+01
-7.001244916315883529e+03 -4.264903072591041564e+03 -4.473467790063386929e+01
-7.057101250838764827e+03 -4.256733640578443556e+03 -4.489070786453316941e+01
-1.090120717342490025e+04 -1.387313784399742872e+04 -5.982898421526169841e+01
-1.094302167822981392e+04 -1.386430951834898588e+04 -6.008125155306061060e+01
-1.090164492848341069e+04 -1.382726399153432794e+04 -5.972965577140257665e+01
-1.096580942321803559e+04 -1.380969949256133441e+04 -6.030134075701607799e+01
-2.560345539471140728e+04 -1.327730641857519004e+04 -8.528510724981788371e+01
-2.565883858619159582e+04 -1.324295725097463219e+04 -8.543576545881296624e+01
-2.560443965514153388e+04 -1.323265263271291406e+04 -8.519582789245760068e+01
-2.555670908781371691e+04 -1.321460425329414829e+04 -8.496694448327798455e+01
-2.825959591398604607e+04 -2.608697686905204682e+04 -1.811172723189902172e+02
-2.831459433643062948e+04 -2.607014577261982777e+04 -1.813918800202973216e+02
-2.821511757587418833e+04 -2.605884359490488714e+04 -1.805049568305366847e+02
-2.826280253216876736e+04 -2.602914164751939461e+04 -1.807940873558309249e+02
-3.459546878799272235e+03 -3.483233047203178103e+03 -3.675545455985525223e+01
-3.415917638514713417e+03 -3.480561975978383998e+03 -3.653049127488429804e+01
-3.373788211623454572e+03 -3.442986540838284327e+03 -3.638759507996132925e+01
-3.411958151829212511e+03 -3.419838322907229667e+03 -3.649537356097243901e+01
-3.455394559986449167e+03 -3.405888472698719397e+03 -3.651124148217445509e+01
-3.421315225392502271e+03 -3.367539692109518910e+03 -3.647242638543798421e+01
-1.598974415054090741e+03 -6.225924167236877111e+03 -3.471537860907028517e+01
-1.700662717009445942e+03 -6.209782713238189899e+03 -3.502585428862994377e+01
-1.647109019617647391e+03 -6.179746833401110052e+03 -3.498250266255308816e+01
-1.710903496377867668e+03 -6.164685572798161957e+03 -3.498464139700399755e+01
