-7.027725369110820793e+03 -4.363757646843398106e+03 -4.463095577685294302e+01
-7.007475152420550330e+03 -4.322192851819914722e+03 -4.468025868547078971e+01
-6.962755990211179778e+03 -4.318179152911473466e+03 -4.462858851606051758e+01
-7.044754329805451562e+03 -4.299498516352586194e+03 -4.480588557136593408e+01
-7.001244916315883529e+03 -4.264903072591041564e+03 -4.473467790063386929e+01
-7.057101250838764827e+03 -4.256733640578443556e+03 -4.489070786453316941e+01
-3.459546878799272235e+03 -3.483233047203178103e+03 -3.675545455985525223e+01
-3.415917638514713417e+03 -3.480561975978383998e+03 -3.653049127488429804e+01
-3.373788211623454572e+03 -3.442986540838284327e+03 -3.638759507996132925e+01
-3.411958151829212511e+03 -3.419838322907229667e+03 -3.649537356097243901e+01
-3.455394559986449167e+03 -3.405888472698719397e+03 -3.651124148217445509e+01
-3.421315225392502271e+03 -3.367539692109518910e+03 -3.647242638543798421e+01
-1.598974415054090741e+03 -6.225924167236877111e+03 -3.471537860907028517e+01
-1.700662717009445942e+03 -6.209782713238189899e+03 -3.502585428862994377e+01
-1.647109019617647391e+03 -6.179746833401110052e+03 -3.498250266255308816e+01
-1.710903496377867668e+03 -6.164685572798161957e+03 -3.498464139700399755e+01
