1.240472337155005107e+02 -1.595530465589655478e+02 -1.796557813529543779e+01
-1.834389983168271385e+02 5.607608804390608981e+01 -1.976525145935800509e+01
1.261344671568700164e+02 -2.019930012730366116e+02 -1.796682746444912482e+01
-7.289148346460771677e+01 3.170272965547461581e+02 -2.047069947920441280e+01
-1.169330456530413471e+02 2.481049954148891459e+02 -2.066828683046988147e+01
2.779383101993881837e+02 -1.170063040263089960e+02 -1.766949740676547975e+01
1.919517463239882034e+02 2.745861881185587663e+02 -1.967119211407671742e+01
-4.883248419121656525e+01 2.642829990320298634e+02 -2.036805536214137646e+01
-2.643650778641392662e+02 2.222847696728442770e+02 -2.087173395125138597e+01
2.767503215692888716e+02 1.092616579208033443e+02 -1.866930778019955284e+01
-2.478569648491229600e+02 -4.210055481767713559e+01 -1.996731980166420328e+01
1.525833932372391644e+02 2.936457286312079873e+02 -2.017098253584950385e+01
-1.367147655850877470e+02 4.920636011868228366e+01 -1.956402268794403199e+01
6.171745467012670616e+01 2.989655946993526072e+02 -2.036970542832916919e+01
-2.061021726027448722e+02 -1.623249858394618741e+02 -1.996777053218923470e+01
1.200902595309991483e+01 -2.818832564822895392e+02 -1.836863690829549967e+01
-1.228922749925124691e+02 -3.124667770121458830e+02 -1.927124023291001720e+01
-2.502471232285650444e+02 1.659953202645785666e+02 -2.076944353902973717e+01
-3.157543519014014919e+02 -1.337387890851160819e+02 -2.047158654480013240e+01
1.785249298387587373e+02 -1.874776319790398134e+02 -1.796763256110324392e+01
2.560736542083134850e+02 1.667708467263789203e+02 -1.906969495741790155e+01
1.613304242049459845e+02 1.410649731040274162e+02 -1.906597389355886207e+01
2.432441622905818690e+02 -7.955311698014367039e+01 -1.786750117233198409e+01
-2.644631386686102701e+02 1.246641211366163304e+02 -2.086907061246679973e+01
2.024884472828225910e+02 1.640009667537591724e+02 -1.896769794048692859e+01
3.211859161484610468e+02 -1.229440168048137672e+01 -1.797046082642016529e+01
-2.291643371494358519e+02 -2.312471701694762771e+02 -2.007069318433119065e+01
2.815158437319024642e+02 -1.833798022615664820e+02 -1.737122439159267628e+01
-2.448720230175628672e+02 -1.916892704431041921e+02 -2.016995885153825441e+01
-3.097907818305254750e+02 -8.742105055600869434e+01 -2.047048757505691086e+01
-1.411451682172533140e+00 -1.052579618824128715e+02 -1.876324055129605028e+01
-4.584868090898380188e+01 -3.124666793206864099e+02 -1.887022183906437078e+01
1.932366865829116591e+02 -2.531864686576518295e+02 -1.787034140138534610e+01
2.697934142116071712e+02 2.237250010560078977e+02 -1.937201167778681565e+01
-3.186396585382424860e+02 -4.476148804356381561e+01 -2.017047909890615642e+01
-2.062072594559365371e+02 2.167454495559716747e+02 -2.066939858886392756e+01
2.980455298407123621e+01 3.563635364256359139e+02 -2.067243898812850489e+01
-1.506346517907563225e+02 2.748084698808944495e+02 -2.087009292500586355e+01
4.531227764813564818e+01 -8.221025001945996280e+01 -1.866306095206863347e+01
-2.465630473623409102e+02 -1.486958233875450333e+02 -2.026887141683140925e+01
2.694855369483274785e+02 -2.296963238885610394e+02 -1.747221190059011064e+01
-2.546923131982420330e+01 -2.621598686052353173e+02 -1.876783135051229578e+01
2.219583536304297695e+02 -2.961881828331722772e+02 -1.767313607950818266e+01
3.379874557295356681e+02 3.623827006647652382e+01 -1.817141991650091626e+01
2.506980365190566431e+02 -1.499155904364578191e+02 -1.766906117087675199e+01
1.976180531743434017e+02 2.329229746357591466e+02 -1.916969978972097977e+01
2.857945612856618141e+02 1.119679289625271323e+01 -1.816877601324447156e+01
-4.592993189111211905e+00 2.608484380656908570e+02 -2.006772817324795710e+01
2.333085136253197618e+02 2.579650447700361724e+02 -1.937187271104063768e+01
-5.449890374681056215e+01 7.654232392162461984e+00 -1.956260512431392229e+01
2.350961429010442032e+02 1.241105766538010187e+02 -1.856791054545633557e+01
-3.538336642463830799e+02 2.681891538499911221e+01 -2.107223190978072580e+01
4.759699816256645590e+02 -7.191426013425301278e+01 -1.738052175035462454e+01
-4.380317100298319701e+02 -1.361801149504451587e+02 -2.097885866553063039e+01
6.957211531824574990e+01 4.522108200249360266e+02 -2.117885209605969976e+01
9.929160676203629521e+01 -4.197281530497260746e+02 -1.757701462396465786e+01
-4.674288245110763285e+01 -4.051006660294024186e+02 -1.867546329067911870e+01
-2.129639776312060349e+02 4.993892217709564818e+00 -1.976592259223981785e+01
-3.918026314118693563e+02 -2.136326270572562009e+02 -2.057798732717101586e+01
-4.793927343656703499e+01 4.755911853634651152e+02 -2.138036135234659696e+01
-2.929973366380702373e+02 2.544182842664631039e+02 -2.097419045499239587e+01
3.665985826534045486e+02 -2.502569834712893453e+02 -1.717782798968372049e+01
2.387643637572673754e+02 -3.781771454679432054e+02 -1.737809704927209964e+01
4.731904993623452356e+02 1.695388043296096825e+01 -1.777993043109909266e+01
1.014844372198721487e+02 4.193009417090481747e+02 -2.007702089326232908e+01
1.684816306658760254e+02 -3.324131886468289849e+02 -1.787329383273271333e+01
-3.823685431735726183e+02 1.259903385385761538e+02 -2.147507101857682699e+01
8.100336731443084659e+01 1.011749883214364019e+02 -1.946368801536124238e+01
-3.961891706348793036e+02 1.699807098860859469e+02 -2.147693930384122041e+01
1.987029448856594058e+02 -3.622206644254456478e+02 -1.747579375558859738e+01
1.559553991678499187e+02 -3.850456509441812614e+02 -1.747594941541620983e+01
1.240676567243961870e+01 -4.800060961801605686e+02 -1.788052562459319006e+01
-1.977601885836396605e+02 4.094383421054287737e+02 -2.027863401939072219e+01
-3.542372396665916199e+02 2.293735875304349747e+02 -2.117634115738854916e+01
-1.154357869829629522e+02 -4.142983741392034744e+02 -1.907692953310018424e+01
2.863100759576823862e+00 4.262828629997627559e+02 -2.117667971496814516e+01
1.575517750624048858e+02 7.314044795925957487e+01 -1.896473362752336556e+01
3.699025736502442783e+02 1.499252050097445021e+02 -1.887485650443979068e+01
3.759645579079742674e+02 7.346859095237854831e+01 -1.827386555107595711e+01
2.645285407811221603e+02 4.009053540099212682e+02 -2.028050736379583441e+01
-2.417856676056164531e+02 -4.057681519141117974e+02 -1.997991425795692066e+01
-2.916934401686683600e+02 -2.684789206711153611e+02 -2.027470976144913095e+01
-3.748110946455196881e+02 7.047640844122344106e+01 -2.147376379861346862e+01
3.917665152535213338e+02 -1.002778706343957964e+02 -1.747518272831834452e+01
-4.256856572792443671e+01 -6.946755004457756399e+01 -1.896288984700631630e+01
4.604667547972210286e+02 7.357594536557894571e+01 -1.807940354060028909e+01
4.839283384415133327e+01 -3.813884838389412266e+02 -1.807400684445337902e+01
-3.376199700733463942e+02 -3.115840840339240003e+02 -2.067894299845160333e+01
-8.372933067779823091e+01 4.513246695710010954e+02 -2.107895905041482365e+01
-2.453661330047606270e+02 -3.345195056501469253e+02 -2.007589697331161460e+01
2.378837411648151772e+02 3.675527816480797014e+02 -2.007744020741984059e+01
1.041876222007505959e+01 -3.614430782721687478e+02 -1.827266505004504893e+01
4.323280667950446059e+02 -6.559648575157135042e+01 -1.747734813936944676e+01
-3.848586959497490625e+02 2.715903172592103374e+02 -2.117977965972795573e+01
-8.223544852167667329e+01 1.192368060259441336e+02 -1.926401729902418225e+01
3.712261531233689027e+01 -1.856845439881172410e+01 -1.896250295163851618e+01
2.856934788009880322e+02 -7.079990046780307011e+01 -1.776915638520380725e+01
-1.183175767578330664e+02 -4.684833851417115511e+02 -1.898074945504524180e+01
-8.392224171256231102e+01 -3.660971654109666815e+02 -1.897347492706700223e+01
-4.670651669658678315e+02 3.767542339947929975e+00 -2.157945776087637668e+01
9.591109377522624868e+01 -4.639397806590965274e+02 -1.738003978025548690e+01
-4.055285019934897264e+02 1.728849792604042790e+01 -2.147527386002871452e+01
1.053559128487661241e+02 -3.757375989090330108e+02 -1.787435595306354230e+01
1.717735352627764769e+02 4.794685844828375707e+02 -2.098278433556131972e+01
1.246495754668461018e+02 4.957572509484334091e+02 -2.128294114320749486e+01
1.671939408185175751e+02 1.696131458443384332e+01 -1.856458026571418785e+01
2.614474840798620789e+02 4.442305293536463751e+02 -2.038326410362139995e+01
-4.954938871186815845e+02 -8.842511188983598913e+01 -2.148221601905240874e+01
-4.149699098909524082e+02 -9.063843944317781620e+01 -2.097650415590617712e+01
-5.016553657195075289e+02 -1.432742995663409999e+02 -2.148369816983228731e+01
-5.330708680209874046e+02 -1.116958646516411164e+02 -2.178561046318262129e+01
3.639229486055974121e+02 -3.920315102519028869e+02 -1.718484635999988086e+01
1.948303395012927695e+02 -5.639291755519506211e+01 -1.826559181023360168e+01
2.861835617129640923e+02 -3.928046818653240280e+02 -1.718093518346330484e+01
3.585561082079971129e+02 -3.442730689938225623e+02 -1.718177320425004950e+01
2.759448676551523931e+02 -3.502545450671976823e+02 -1.727799429655152608e+01
8.883985206031459825e+01 -1.239937601712667572e+02 -1.826419692821363583e+01
-5.956935184815817053e+01 1.580191930840718726e+02 -1.966461234856650009e+01
1.253427305894165471e+02 1.628945099007616761e+02 -1.936568829815930570e+01
-9.436468610463165874e+01 1.840584040217197526e+02 -1.996573343512481813e+01
3.161580657752676160e+00 1.735318361783657224e+02 -1.986474021529535605e+01
2.930645278045712132e+01 -1.839303005475830446e+02 -1.836509944888263135e+01
-5.260944730380582257e+01 -1.214352866753644093e+02 -1.886374602667616784e+01
7.036464323277124322e+01 -4.763816688037277913e+01 -1.866293442389073931e+01
7.533676240398821733e+01 1.486008047608295044e+02 -1.966455154086153101e+01
1.125153368183562463e+02 -8.498012291561892084e+01 -1.836392828517510978e+01
6.887555980323853078e+01 2.277163270713685961e+02 -1.996682329998584748e+01
-6.702336082626530356e+01 -1.707447091063722837e+02 -1.916501575505887445e+01
2.027849639097568684e+02 7.036932645609886094e+01 -1.876597910545947201e+01
-8.700638968565820619e+01 -7.478653595458125380e+01 -1.876340133067777316e+01
-1.435720011051731433e+02 -1.196627944592491417e+02 -1.936511027398054097e+01
7.354615014807441753e+01 1.064613313914745163e+01 -1.906280048767247948e+01
-1.364156400323229832e+02 -1.173757426526605485e+01 -1.976383645063216932e+01
7.463883446380377507e+01 -1.876980689614652533e+02 -1.816557884685893498e+01
-1.337302194383428855e+02 -5.583836756099941567e+01 -1.956401432489600367e+01
-2.202230862481463305e+02 7.679560454460640528e+01 -1.986663142259717318e+01
-1.024158559725166810e+02 1.496737426536154203e+01 -1.966320714434510819e+01
2.135215663686117864e+02 2.925993592468064719e+01 -1.846600668243952725e+01
-2.107761135509593657e+02 -6.625516732989675006e+01 -1.996619372170615136e+01
6.758178059816029304e+01 5.341741410356642916e+01 -1.946295034612343500e+01
-6.950856404476920147e+01 -2.128510249303521675e+02 -1.906631437734884571e+01
-1.797613725596843324e+02 1.083767674920048307e+02 -1.946582420157618998e+01
1.650048565415117423e+02 -1.308550942874936140e+02 -1.806584917779855459e+01
-1.828410957414419613e+02 -2.824789924950326991e+01 -1.986504949682572985e+01
1.340088555067399412e+01 2.202928525948865399e+02 -2.006620383451732437e+01
1.471326181550645096e+00 5.549496540971488479e+00 -1.936237043957880033e+01
2.009925641118306032e+02 -1.079185176030464390e+02 -1.806644964499730577e+01
5.137817496196912970e+01 1.886021972900550452e+02 -1.996537602349889795e+01
-2.288490858806883921e+01 -1.580018466469749683e+02 -1.876437496838489949e+01
-1.200128763891457311e+02 9.364035634789101437e+01 -1.926418667998061807e+01
1.263354814749564810e+02 2.715566343334681321e+01 -1.886367619967528952e+01
2.269413028983258300e+02 -1.727887591131461420e+01 -1.826642579849142578e+01
-1.707115901113288885e+02 -8.753002453331076538e+01 -1.966525410656280926e+01
4.471546034201137587e+01 -1.337353086655499226e+02 -1.846393302623423693e+01
-1.032102800878109861e+02 -1.398297093156324991e+02 -1.916474215350062593e+01
-2.604584412335507793e+01 -2.616572807615693819e+01 -1.926247490561269160e+01
-3.163416810849842165e+01 1.993499539164072871e+02 -1.996557601276055038e+01
1.508898972718064897e+02 -4.220905595182492220e+01 -1.826429166968910778e+01
-1.455599480807404973e+02 -1.693044061786210364e+02 -1.956628503072585090e+01
-1.096715804646867412e+02 -1.923523217522803179e+02 -1.936622395504424787e+01
-8.680748051835445267e+01 -3.013083224774474900e+01 -1.946302964155124116e+01
-1.366158944477236332e+02 1.672151941490296565e+02 -1.956603195960232711e+01
-6.951176387865808692e+01 2.238381833923602358e+02 -2.016669228116850832e+01
-9.364061059497238659e+00 -2.190563696158233142e+02 -1.856615385067816248e+01
-1.699183111318154431e+02 1.596399690408288663e+01 -1.976464962437440676e+01
1.182843893288106614e+02 2.081029168094438546e+02 -1.936687449801067373e+01
1.274292376643035993e+02 1.135854825432624864e+02 -1.916465594386153271e+01
3.318444978634087050e+01 1.327548475277665432e+02 -1.966384208232413755e+01
-2.358069649040402282e+01 1.356364003678369841e+02 -1.976386028630655289e+01
1.614271779658739376e+02 -8.775107407035261531e+01 -1.826501559489095072e+01
1.942358712703586718e+02 1.139167558268416371e+02 -1.886634524835645266e+01
4.411933552671295899e+01 -2.237106581199820994e+02 -1.826646175868491184e+01
-1.989448187058202961e+02 -1.191098482017645921e+02 -1.996658559069453531e+01
1.128145107980124209e+02 -2.348302827506444146e+01 -1.846340825443233058e+01
2.210734284549364190e+02 -1.840429990720614910e+02 -1.776886394252170476e+01
2.270368152213679025e+02 -2.262610460923809512e+02 -1.777043749486716706e+01
-2.145590494257536136e+02 2.684921642174786029e+02 -2.087165138043103241e+01
1.005195404271919273e+02 -2.409876324523487483e+02 -1.796773308385461121e+01
9.026307184151191265e+00 -5.129506228262320633e+01 -1.886258144660183689e+01
-3.203332886454899153e+02 1.105903983960093342e+02 -2.117136927895547416e+01
9.064347208522212895e+01 -3.319686213524890377e+02 -1.807169056721878064e+01
-1.507276733546547973e+02 -2.460943173220027234e+02 -1.966891715084263126e+01
3.219856773778579395e+02 1.589020887302928884e+02 -1.907247778527707283e+01
-1.873117218840290263e+02 -2.183930236041522335e+02 -1.976887256927683723e+01
2.284362655504027941e+02 1.996808925343354986e+02 -1.896959579123780770e+01
-9.674702148113395594e+01 -2.739059384075404751e+02 -1.926900964938015193e+01
-2.620719178172017791e+02 -9.417958321489398088e+01 -2.006844657731654280e+01
5.720857990739025922e+01 -2.826684521106674879e+02 -1.796891689856741436e+01
-1.674358972227560400e+02 2.361372582132809725e+02 -2.086895542541353166e+01
1.119203561800057685e+02 6.671417362612716317e+01 -1.916369960769299752e+01
-3.311681038829009367e+02 6.316420196722891944e+01 -2.097127325110079354e+01
-1.881067163937854900e+02 -2.715804413196229916e+02 -1.977094834905335574e+01
-3.061155988940363954e+02 2.072569569539495049e+01 -2.016974220392889094e+01
-1.362202245425467311e+02 3.227883033095604333e+02 -2.057202714663000620e+01
-2.665489648522400330e+02 6.272218472304799519e+01 -2.016824325487350578e+01
-2.924996301561485552e+02 1.829472684430935772e+02 -2.117170581198504919e+01
1.077470633908094442e+02 2.530906471213717737e+02 -2.006832194628796628e+01
3.019999619294828790e+02 5.817887068160857922e+01 -1.826977888654194615e+01
9.926147215352554554e+01 -2.905432822519742899e+02 -1.796978784302415022e+01
-1.911012376275334930e+02 5.755376030620921028e+02 -2.019131588164918867e+01
-2.355423331176371562e+02 6.008013170148357176e+02 -2.049514166982632446e+01
6.984215192166384440e+03 -4.114207065836630136e+03 -7.916546882288457709e+00
6.940002014710245930e+03 -4.093129281219009499e+03 -8.054697452048230844e+00
7.049524628275743453e+03 -4.087650449184279751e+03 -7.571189313407558075e+00
6.987232998934416173e+03 -4.049940474802830977e+03 -7.778528336571753243e+00
1.734993147691067134e+04 1.365974650951613285e+03 -7.789685721261889739e+00
1.725687283448143353e+04 1.369205597940027928e+03 -7.938108279765060615e+00
1.730699934833941734e+04 1.381104187216183163e+03 -7.876405521341439453e+00
1.725902138747482604e+04 1.414190290190040059e+03 -8.253780076744305916e+00
2.817254743853866239e+04 -7.573548646857329913e+03 -8.674144815096269667e+01
2.809233700793726894e+04 -7.543784432400078913e+03 -8.635248094616235903e+01
2.821765660442984881e+04 -7.521867738879363060e+03 -8.687927211218266166e+01
2.814410090022938675e+04 -7.498689856269123993e+03 -8.652709576746883613e+01
4.277778537867403065e+04 -1.422226186330235214e+04 -1.793296101694213576e+02
4.272790666784701898e+04 -1.420203662604785859e+04 -1.789502362546763834e+02
4.284709999262689962e+04 -1.419224645666064134e+04 -1.797273745594893626e+02
4.275147651195002982e+04 -1.416244640158721450e+04 -1.790196257867510212e+02
-7.802464927928044744e+02 4.637104735107693045e+02 -2.362699169648627162e+01
-8.302561327087125846e+02 5.023794900244774340e+02 -2.413624300125050581e+01
-7.015115419525305924e+02 5.180108327904490579e+02 -2.362205092451381461e+01
-1.298447591702039063e+03 -1.323607048825355434e+02 -2.489581802866563720e+01
-1.253911148510701196e+03 -1.261515161381968539e+02 -2.488678702286421895e+01
-1.347363115542674223e+03 -9.336252882265661412e+01 -2.510526299827121477e+01
-1.408872620917471522e+03 -1.214955277449558480e+03 -2.663410937707476478e+01
-1.363148113864016523e+03 -1.204645546577912910e+03 -2.632221585093407157e+01
-1.358183303659060130e+03 -1.157440614457983884e+03 -2.641237607062936377e+01
4.661243940926039613e+03 -1.292153681006738225e+03 -6.895860073132894286e+00
4.720994014821997553e+03 -1.268906920541156524e+03 -7.135085064629663520e+00
4.611156546577798508e+03 -1.260333402259384457e+03 -6.453082300807807314e+00
4.707095643224911328e+03 -1.221586693202380047e+03 -6.915539050587369729e+00
6.127786155697479444e+03 1.584741176676368468e+03 -3.801613053382652652e+00
6.170060840620146337e+03 1.619957900630698759e+03 -3.651226629078905717e+00
6.124433732005927595e+03 1.640367721212238393e+03 -3.812524391202146035e+00
6.215655317719558298e+03 1.646640613351698448e+03 -3.402328308472760909e+00
-4.976003140768410731e+02 -5.351626561695421742e+02 -2.180431960316730056e+01
-4.202149149694348580e+02 -5.460921309047278100e+02 -2.129968650602046409e+01
-1.491373884024474137e+02 8.154897303738652226e+03 -2.740155935246230001e+01
-1.915147058701986680e+02 8.161212130118243294e+03 -2.771080494582929532e+01
-2.300127417805649657e+02 8.179715496366139632e+03 -2.783588909662466904e+01
-1.425719261400588493e+02 8.202211227793332000e+03 -2.756236018673507715e+01
-9.106668596715917374e+03 1.456992155211344652e+04 -2.877737004360278661e+01
-9.060594911935770142e+03 1.458181045481385809e+04 -2.893909680018987274e+01
-9.131574542860547808e+03 1.460403131294152809e+04 -2.899132553035360615e+01
-9.084516200959395064e+03 1.462888628967747354e+04 -2.868139671151766379e+01
-7.789336498979573662e+03 2.652288426372480171e+04 -8.421787871861852182e+01
-7.729773666368657359e+03 2.654109293991540835e+04 -8.422156478464967222e+01
-7.826423065562486954e+03 2.656718127467334489e+04 -8.474846604400772776e+01
-7.779605332973984332e+03 2.657596364841709146e+04 -8.462798721318904427e+01
-1.052149804776620476e+04 3.615377279191868729e+04 -1.463781349800665339e+02
-1.044445670118129783e+04 3.618164876311320404e+04 -1.461104059548761143e+02
-1.050837966332070573e+04 3.620375401416218665e+04 -1.466413564165377466e+02
-1.045535866892971171e+04 3.622462984256823256e+04 -1.463733608915736113e+02
-2.765509242019803082e+01 -9.667810818516977633e+02 -2.163603782315607305e+01
-1.171205731777927213e+02 -9.696623604508524750e+02 -2.203749186750786748e+01
-7.656212153310445956e+01 -9.484981233448743296e+02 -2.183367931696699316e+01
7.581409102222266938e+02 -1.117722841391858083e+03 -1.990578265407935987e+01
7.102279975544556692e+02 -1.121155488426785496e+03 -2.000087674229428103e+01
6.638066313114572949e+02 -1.095001581194193022e+03 -2.019131541882848069e+01
1.689852427962398224e+03 -6.462532707002615098e+02 -1.621895316963849609e+01
1.657052683660272123e+03 -6.101261583276921101e+02 -1.610677907384223317e+01
1.713518153254999561e+03 -5.982775618824787216e+02 -1.592056024840618988e+01
-1.286405891180155550e+03 4.625665129069471732e+03 -2.777711980203707753e+01
-1.202970584809203046e+03 4.659690936785047597e+03 -2.768573163195537745e+01
-1.308786583303363841e+03 4.666328683238868507e+03 -2.791142726627367665e+01
-1.259460705130695032e+03 4.684062359836716496e+03 -2.781456267754469991e+01
-4.482364032416769987e+03 4.448306998792225386e+03 -3.359462612854122199e+01
-4.451944778249762749e+03 4.482224831166067816e+03 -3.349719199159812888e+01
-4.542246366838731774e+03 4.488951927601397074e+03 -3.366556819352786079e+01
-4.494714694056223379e+03 4.501711674556034268e+03 -3.354095457370522126e+01
6.677206739848835468e+02 -1.730673847453534222e+02 -1.699965251308903191e+01
6.296478149819716919e+02 -1.394906659334405106e+02 -1.699495667854244374e+01
-7.027725369110820793e+03 -4.363757646843398106e+03 -4.463095577685294302e+01
-7.007475152420550330e+03 -4.322192851819914722e+03 -4.468025868547078971e+01
-6.962755990211179778e+03 -4.318179152911473466e+03 -4.462858851606051758e+01
-7.044754329805451562e+03 -4.299498516352586194e+03 -4.480588557136593408e+01
-7.001244916315883529e+03 -4.264903072591041564e+03 -4.473467790063386929e+01
-7.057101250838764827e+03 -4.256733640578443556e+03 -4.489070786453316941e+01
-1.090120717342490025e+04 -1.387313784399742872e+04 -5.982898421526169841e+01
-1.094302167822981392e+04 -1.386430951834898588e+04 -6.008125155306061060e+01
-1.090164492848341069e+04 -1.382726399153432794e+04 -5.972965577140257665e+01
-1.096580942321803559e+04 -1.380969949256133441e+04 -6.030134075701607799e+01
-2.560345539471140728e+04 -1.327730641857519004e+04 -8.528510724981788371e+01
-2.565883858619159582e+04 -1.324295725097463219e+04 -8.543576545881296624e+01
-2.560443965514153388e+04 -1.323265263271291406e+04 -8.519582789245760068e+01
-2.555670908781371691e+04 -1.321460425329414829e+04 -8.496694448327798455e+01
-2.825959591398604607e+04 -2.608697686905204682e+04 -1.811172723189902172e+02
-2.831459433643062948e+04 -2.607014577261982777e+04 -1.813918800202973216e+02
-2.821511757587418833e+04 -2.605884359490488714e+04 -1.805049568305366847e+02
-2.826280253216876736e+04 -2.602914164751939461e+04 -1.807940873558309249e+02
9.180302736200346772e+02 3.878919140969479713e+02 -1.854023663776817443e+01
8.325844389438318558e+02 3.240386067962090237e+02 -1.862493890005583808e+01
7.860912918177997426e+02 3.600630066392768072e+02 -1.892098449101121105e+01
6.275336962439777153e+02 1.102187482768019436e+03 -2.088888973477332911e+01
5.886618579215383988e+02 1.151608773844218831e+03 -2.079395861157695435e+01
-2.935290675827018276e+02 1.715956951836560620e+03 -2.290101369795206665e+01
-3.532844343680951624e+02 1.724819677434502864e+03 -2.290644302564123791e+01
-2.594260752445597404e+02 1.747093770846157895e+03 -2.270802858270565139e+01
-3.459546878799272235e+03 -3.483233047203178103e+03 -3.675545455985525223e+01
-3.415917638514713417e+03 -3.480561975978383998e+03 -3.653049127488429804e+01
-3.373788211623454572e+03 -3.442986540838284327e+03 -3.638759507996132925e+01
-3.411958151829212511e+03 -3.419838322907229667e+03 -3.649537356097243901e+01
-3.455394559986449167e+03 -3.405888472698719397e+03 -3.651124148217445509e+01
-3.421315225392502271e+03 -3.367539692109518910e+03 -3.647242638543798421e+01
-1.598974415054090741e+03 -6.225924167236877111e+03 -3.471537860907028517e+01
-1.700662717009445942e+03 -6.209782713238189899e+03 -3.502585428862994377e+01
-1.647109019617647391e+03 -6.179746833401110052e+03 -3.498250266255308816e+01
-1.710903496377867668e+03 -6.164685572798161957e+03 -3.498464139700399755e+01
